% time-domain voltage integration by openEMS v0.37.0-rc1-8-g27dcde1 @Sun Sep 20 16:00:55 2026
% start-coordinates: (0.0224545,0.001815,0) m -> [46,23,11]
% stop-coordinates: (0.0224545,0.001815,-0.0002) m -> [46,23,7]
% t/s	voltage
0	0
1.24983726914e-10	1.53641500564e-11
2.49967453828e-10	-9.29008970446e-11
3.74951180741e-10	1.21782750551e-10
4.99934907655e-10	-1.42397843517e-10
6.24918634569e-10	7.27114445043e-11
7.49902361483e-10	-1.14567867346e-10
8.74886088397e-10	1.83782569024e-10
9.99869815311e-10	-4.77041028207e-11
1.12485354222e-09	-4.64108586631e-11
1.24983726914e-09	6.87845249508e-11
1.37482099605e-09	1.21803407204e-11
1.49980472297e-09	2.35261417986e-10
1.62478844988e-09	-1.20854449712e-10
1.74977217679e-09	-7.99815682434e-11
1.87475590371e-09	-2.46548503835e-10
1.99973963062e-09	1.35759915679e-11
2.12472335754e-09	-1.09828587197e-11
2.24970708445e-09	4.68329047418e-11
2.37469081136e-09	5.69312964827e-11
2.49967453828e-09	2.97652777426e-10
2.62465826519e-09	3.77490656789e-10
2.7496419921e-09	2.3510794353e-10
2.87462571902e-09	-2.87585213889e-11
2.99960944593e-09	-7.39101613245e-10
3.12459317285e-09	-1.14358741921e-09
3.24957689976e-09	-1.32715088919e-09
3.37456062667e-09	-9.1651983225e-10
3.49954435359e-09	4.69095430902e-11
3.6245280805e-09	1.28921598397e-09
3.74951180741e-09	2.41554848346e-09
3.87449553433e-09	2.85803108957e-09
3.99947926124e-09	2.41682662772e-09
4.12446298816e-09	7.85181156204e-10
4.24944671507e-09	-1.6871689601e-09
4.37443044198e-09	-3.92845550534e-09
4.4994141689e-09	-5.31014943128e-09
4.62439789581e-09	-4.80589945617e-09
4.74938162273e-09	-2.38251662843e-09
4.87436534964e-09	1.06128311694e-09
4.99934907655e-09	4.78589778918e-09
5.12433280347e-09	7.3815232815e-09
5.24931653038e-09	7.35430327747e-09
5.37430025729e-09	5.02089902987e-09
5.49928398421e-09	4.05711207685e-10
5.62426771112e-09	-4.03997901799e-09
5.74925143804e-09	-7.87292231408e-09
5.87423516495e-09	-8.56129589444e-09
5.99921889186e-09	-6.47967501877e-09
6.12420261878e-09	-2.67080124683e-09
6.24918634569e-09	2.81491829845e-09
6.37417007261e-09	6.26170226781e-09
6.49915379952e-09	7.76486019927e-09
6.62413752643e-09	6.30942020852e-09
6.74912125335e-09	3.24396481899e-09
6.87410498026e-09	-6.01461026817e-10
6.99908870717e-09	-3.99419886055e-09
7.12407243409e-09	-5.50728440629e-09
7.249056161e-09	-4.90481988358e-09
7.37403988792e-09	-2.9210669994e-09
7.49902361483e-09	-5.59377530407e-10
7.62400734174e-09	1.59545443523e-09
7.74899106866e-09	2.46298803575e-09
7.87397479557e-09	2.7652368173e-09
7.99895852248e-09	2.00373789783e-09
8.1239422494e-09	8.57103318874e-10
8.24892597631e-09	-5.21343940241e-10
8.37390970323e-09	-1.05805023076e-09
8.49889343014e-09	-1.28006594213e-09
8.62387715705e-09	-1.01685720955e-09
8.74886088397e-09	-4.43211578549e-10
8.87384461088e-09	1.05340570468e-10
8.9988283378e-09	3.56658307055e-10
9.12381206471e-09	2.40857500611e-10
9.24879579162e-09	2.83173297311e-10
9.37377951854e-09	2.34070913693e-10
9.49876324545e-09	8.16739297721e-11
9.62374697236e-09	-2.28263758589e-10
9.74873069928e-09	-2.69681044857e-10
9.87371442619e-09	-8.0382216508e-11
9.99869815311e-09	1.05907527106e-10
1.012368188e-08	-6.0873989443e-11
1.02486656069e-08	-1.46287147326e-10
1.03736493338e-08	1.19774671951e-11
