% time-domain current integration by openEMS v0.37.0-rc1-8-g27dcde1 @Sun Sep 20 16:00:55 2026
% start-coordinates: (0.00181818,-0.00049,-5e-05) m -> [12,11,10]
% stop-coordinates: (0.00181818,0.00019,0) m -> [12,16,11]
% t/s	current
1.28584081187e-14	0
1.24996585322e-10	2.78310556025e-12
2.49980312236e-10	-7.92732199328e-12
3.7496403915e-10	5.21371314177e-12
4.99947766063e-10	-1.0856744323e-11
6.24931492977e-10	-5.79667217004e-12
7.49915219891e-10	9.65414814064e-12
8.74898946805e-10	-4.41893960659e-12
9.99882673719e-10	6.67977131941e-12
1.12486640063e-09	-7.76260045826e-12
1.24985012755e-09	-3.6298370993e-12
1.37483385446e-09	-9.72023785246e-13
1.49981758137e-09	1.71649738694e-12
1.62480130829e-09	5.45314618114e-12
1.7497850352e-09	-1.87802074239e-12
1.87476876212e-09	4.47504923742e-12
1.99975248903e-09	-1.88998751545e-12
2.12473621594e-09	-8.16324275971e-13
2.24971994286e-09	1.51322747735e-12
2.37470366977e-09	1.29705295983e-12
2.49968739668e-09	5.37968020825e-12
2.6246711236e-09	-1.34787553297e-13
2.74965485051e-09	1.82880381845e-12
2.87463857743e-09	-5.27835891315e-12
2.99962230434e-09	-1.20335295548e-12
3.12460603125e-09	-1.26597950872e-11
3.24958975817e-09	8.49408737791e-12
3.37457348508e-09	2.97444664385e-12
3.499557212e-09	5.19551632619e-12
3.62454093891e-09	1.06220926152e-11
3.74952466582e-09	-5.11751925558e-12
3.87450839274e-09	-5.25122697062e-12
3.99949211965e-09	-9.22759004623e-12
4.12447584656e-09	-2.28897022864e-11
4.24945957348e-09	-1.16773726105e-11
4.37444330039e-09	-7.30950456412e-12
4.49942702731e-09	1.79614188106e-11
4.62441075422e-09	1.41651725072e-11
4.74939448113e-09	2.26927955593e-11
4.87437820805e-09	2.12994778065e-11
4.99936193496e-09	-1.84189365149e-11
5.12434566188e-09	-3.53001482212e-11
5.24932938879e-09	9.33798177671e-13
5.3743131157e-09	-9.08325220594e-11
5.49929684262e-09	1.87235418142e-11
5.62428056953e-09	-5.61454563397e-11
5.74926429644e-09	2.73139982854e-11
5.87424802336e-09	2.46968313855e-11
5.99923175027e-09	3.7611566639e-11
6.12421547719e-09	-3.8377814815e-11
6.2491992041e-09	4.73158977277e-11
6.37418293101e-09	2.56256422332e-11
6.49916665793e-09	-1.28208476821e-11
6.62415038484e-09	2.19547349051e-11
6.74913411175e-09	4.14620560107e-11
6.87411783867e-09	8.11628715625e-12
6.99910156558e-09	-4.46288709113e-12
7.1240852925e-09	1.99181348498e-11
7.24906901941e-09	-2.99791649838e-11
7.37405274632e-09	8.4981952031e-11
7.49903647324e-09	8.60920501555e-11
7.62402020015e-09	7.13772227087e-12
7.74900392707e-09	-5.04297784087e-11
7.87398765398e-09	-1.29228407489e-11
7.99897138089e-09	-1.02407707314e-10
8.12395510781e-09	1.14040013544e-10
8.24893883472e-09	1.95472440317e-11
8.37392256163e-09	4.56774201796e-11
8.49890628855e-09	5.46884829089e-11
8.62389001546e-09	-3.4275865566e-12
8.74887374238e-09	-2.23301446778e-11
8.87385746929e-09	-3.63988596208e-11
8.9988411962e-09	5.28070399908e-11
9.12382492312e-09	8.20351512415e-12
9.24880865003e-09	3.47665715661e-11
9.37379237695e-09	9.08426545793e-12
9.49877610386e-09	-1.20875280271e-11
9.62375983077e-09	3.25401754153e-11
9.74874355769e-09	2.35542644417e-11
9.8737272846e-09	-8.41400144003e-11
9.99871101151e-09	-2.2501661992e-11
1.01236947384e-08	1.2855267198e-11
1.02486784653e-08	2.4520654604e-11
1.03736621923e-08	-1.93916081109e-11
