% time-domain current integration by openEMS v0.37.0-rc1-8-g27dcde1 @Sun Sep 20 16:00:55 2026
% start-coordinates: (0.0228182,-0.00049,-5e-05) m -> [47,11,10]
% stop-coordinates: (0.0228182,0.00019,0) m -> [47,16,11]
% t/s	current
1.28584081187e-14	0
1.24996585322e-10	1.61866810374e-14
2.49980312236e-10	-6.45003636005e-13
3.7496403915e-10	-5.90668735711e-13
4.99947766063e-10	6.98952275723e-14
6.24931492977e-10	-6.6878149069e-13
7.49915219891e-10	-4.25165653552e-13
8.74898946805e-10	1.15631972313e-12
9.99882673719e-10	2.29763175716e-13
1.12486640063e-09	1.20940952565e-12
1.24985012755e-09	3.09749838626e-13
1.37483385446e-09	3.1666675033e-13
1.49981758137e-09	8.15272735389e-14
1.62480130829e-09	1.47407395535e-13
1.7497850352e-09	-5.17274374376e-13
1.87476876212e-09	3.56574280736e-13
1.99975248903e-09	-5.52098622895e-13
2.12473621594e-09	4.0801446965e-13
2.24971994286e-09	9.48830315532e-13
2.37470366977e-09	3.92802245808e-13
2.49968739668e-09	-5.42234307585e-14
2.6246711236e-09	8.60950525282e-13
2.74965485051e-09	-4.41250904088e-14
2.87463857743e-09	1.60795096855e-13
2.99962230434e-09	-6.07502221271e-13
3.12460603125e-09	1.46889282421e-12
3.24958975817e-09	-8.52561971758e-14
3.37457348508e-09	9.79463363714e-13
3.499557212e-09	1.57464170284e-13
3.62454093891e-09	7.03235321538e-13
3.74952466582e-09	6.06379909392e-14
3.87450839274e-09	-6.51094087499e-13
3.99949211965e-09	-2.07404690753e-14
4.12447584656e-09	-2.69545724716e-13
4.24945957348e-09	5.46117675821e-13
4.37444330039e-09	-5.25841577313e-13
4.49942702731e-09	4.74382740121e-13
4.62441075422e-09	6.024463697e-13
4.74939448113e-09	1.47029957653e-12
4.87437820805e-09	-8.76967064505e-13
4.99936193496e-09	-2.53653521798e-12
5.12434566188e-09	2.16936277969e-12
5.24932938879e-09	4.12502334807e-13
5.3743131157e-09	-2.24266948328e-13
5.49929684262e-09	-2.27942990004e-12
5.62428056953e-09	6.75203924889e-13
5.74926429644e-09	1.13548515208e-12
5.87424802336e-09	2.09110289848e-12
5.99923175027e-09	-4.71544949355e-13
6.12421547719e-09	7.63003484179e-13
6.2491992041e-09	2.35388054534e-12
6.37418293101e-09	5.69135927622e-12
6.49916665793e-09	1.55978919017e-12
6.62415038484e-09	5.9303907271e-14
6.74913411175e-09	-3.8746952695e-12
6.87411783867e-09	6.60663364294e-12
6.99910156558e-09	-4.3342707895e-12
7.1240852925e-09	-7.26406727738e-13
7.24906901941e-09	9.17034156944e-12
7.37405274632e-09	-8.62968810994e-12
7.49903647324e-09	5.08001713612e-12
7.62402020015e-09	-3.9042918204e-12
7.74900392707e-09	6.47714390803e-12
7.87398765398e-09	-2.81765008461e-13
7.99897138089e-09	-2.43431941271e-11
8.12395510781e-09	1.01726144869e-11
8.24893883472e-09	8.49693145705e-12
8.37392256163e-09	9.90164222316e-13
8.49890628855e-09	-9.10563508275e-13
8.62389001546e-09	-2.40385246431e-11
8.74887374238e-09	1.62610411247e-11
8.87385746929e-09	-1.33335781652e-11
8.9988411962e-09	7.09337710098e-12
9.12382492312e-09	-8.04780721231e-13
9.24880865003e-09	-1.91271443128e-11
9.37379237695e-09	3.63316703111e-11
9.49877610386e-09	4.88666399012e-13
9.62375983077e-09	4.03172981112e-11
9.74874355769e-09	-6.19259743311e-13
9.8737272846e-09	-1.38347978906e-11
9.99871101151e-09	7.02420652025e-13
1.01236947384e-08	1.73853743901e-11
1.02486784653e-08	6.00434372361e-12
1.03736621923e-08	3.50032815233e-11
