% time-domain current integration by openEMS v0.37.0-rc1-8-g27dcde1 @Sun Sep 20 16:00:55 2026
% start-coordinates: (0.0228182,0.00139,-5e-05) m -> [47,20,10]
% stop-coordinates: (0.0228182,0.00194,0) m -> [47,25,11]
% t/s	current
1.28584081187e-14	0
1.24996585322e-10	-6.14747375184e-14
2.49980312236e-10	-4.18948594349e-13
3.7496403915e-10	4.94596713845e-13
4.99947766063e-10	-1.09775350702e-12
6.24931492977e-10	-6.11550577973e-13
7.49915219891e-10	1.03386548454e-12
8.74898946805e-10	7.06822187585e-13
9.99882673719e-10	3.87995232188e-14
1.12486640063e-09	1.11594392581e-12
1.24985012755e-09	-4.78007119564e-13
1.37483385446e-09	-2.57257106243e-13
1.49981758137e-09	1.47419985832e-14
1.62480130829e-09	1.28808774627e-13
1.7497850352e-09	-1.12648529827e-12
1.87476876212e-09	9.41833850493e-13
1.99975248903e-09	3.43554801578e-13
2.12473621594e-09	-9.60216932008e-13
2.24971994286e-09	1.3472750205e-13
2.37470366977e-09	8.66256719134e-13
2.49968739668e-09	3.67695891096e-13
2.6246711236e-09	-7.36464315638e-14
2.74965485051e-09	-9.04202385708e-14
2.87463857743e-09	7.59701438043e-13
2.99962230434e-09	-1.14814180299e-12
3.12460603125e-09	3.5349731497e-13
3.24958975817e-09	-8.84046850481e-13
3.37457348508e-09	1.43109677754e-12
3.499557212e-09	7.12771855427e-13
3.62454093891e-09	-1.17054464537e-13
3.74952466582e-09	4.01617324466e-13
3.87450839274e-09	2.15400464934e-13
3.99949211965e-09	-8.73128013033e-13
4.12447584656e-09	-3.39623592921e-13
4.24945957348e-09	7.46840130429e-15
4.37444330039e-09	-1.01842904769e-12
4.49942702731e-09	-3.19485703084e-13
4.62441075422e-09	4.73360066422e-13
4.74939448113e-09	3.59509758118e-13
4.87437820805e-09	1.23263649721e-12
4.99936193496e-09	1.46322895207e-12
5.12434566188e-09	1.52868332142e-13
5.24932938879e-09	9.62539577665e-14
5.3743131157e-09	7.30486201042e-13
5.49929684262e-09	-2.35944055092e-12
5.62428056953e-09	3.51170633371e-12
5.74926429644e-09	-1.44266055265e-13
5.87424802336e-09	-5.89668776047e-13
5.99923175027e-09	9.36256389257e-13
6.12421547719e-09	6.80589916022e-13
6.2491992041e-09	-2.53774345288e-12
6.37418293101e-09	-2.78915042104e-12
6.49916665793e-09	-8.35391911896e-12
6.62415038484e-09	6.0063069969e-12
6.74913411175e-09	-3.43062123848e-12
6.87411783867e-09	-5.61781578288e-13
6.99910156558e-09	-1.71155201557e-12
7.1240852925e-09	-8.63697308118e-12
7.24906901941e-09	1.01255505716e-11
7.37405274632e-09	-8.88083755298e-14
7.49903647324e-09	5.2255547979e-12
7.62402020015e-09	5.242871675e-12
7.74900392707e-09	-4.72151744785e-12
7.87398765398e-09	-2.02879661855e-12
7.99897138089e-09	-1.02217826217e-11
8.12395510781e-09	-4.74780414636e-12
8.24893883472e-09	1.00341588337e-12
8.37392256163e-09	-5.05970742734e-12
8.49890628855e-09	4.88364773968e-13
8.62389001546e-09	-7.6404316901e-12
8.74887374238e-09	-1.18273420571e-11
8.87385746929e-09	2.57279475502e-11
8.9988411962e-09	-3.05260192124e-11
9.12382492312e-09	-1.48917282585e-12
9.24880865003e-09	-1.79091394492e-11
9.37379237695e-09	1.4253457789e-11
9.49877610386e-09	-9.71752799755e-12
9.62375983077e-09	9.44468982189e-12
9.74874355769e-09	8.54883058874e-13
9.8737272846e-09	8.48737052861e-12
9.99871101151e-09	2.38742723507e-11
1.01236947384e-08	1.17968889865e-11
1.02486784653e-08	-1.21028360944e-12
1.03736621923e-08	1.77348673941e-11
