% time-domain current integration by openEMS v0.37.0-rc1-8-g27dcde1 @Sun Sep 20 15:52:37 2026
% start-coordinates: (0.0213029,-0.00169,-0.0002) m -> [9,1,1]
% stop-coordinates: (0.023,0.00019,-0.0002) m -> [10,4,1]
% t/s	current
5.41157080651e-14	0
1.24953169922e-10	4.46295292389e-11
2.49852224137e-10	1.24729254702e-10
3.74751278351e-10	-5.48567788416e-12
4.99650332566e-10	-1.32341054782e-10
6.2454938678e-10	1.48721937543e-10
7.49448440994e-10	3.32315737428e-11
8.74347495209e-10	-5.2131979289e-11
9.99246549423e-10	-2.5215142474e-12
1.12414560364e-09	-2.45972305024e-11
1.24904465785e-09	5.7047658264e-11
1.37394371207e-09	-1.82484138911e-10
1.49884276628e-09	-1.79637554831e-11
1.62374182049e-09	1.21676557718e-11
1.74864087471e-09	-7.72340316701e-11
1.87353992892e-09	8.37368993589e-11
1.99843898314e-09	-8.45947756289e-11
2.12333803735e-09	-6.60978355382e-11
2.24823709157e-09	-6.9672462244e-11
2.37313614578e-09	8.01847338527e-11
2.4980352e-09	1.6495002586e-10
2.62293425421e-09	-1.50420065292e-10
2.74783330842e-09	-3.86008447428e-11
2.87273236264e-09	9.58987333988e-11
2.99763141685e-09	1.0020234642e-10
3.12253047107e-09	2.94958779623e-11
3.24742952528e-09	-3.94375643253e-11
3.3723285795e-09	7.10379532975e-11
3.49722763371e-09	3.00534042097e-11
3.62212668792e-09	-7.15988379696e-11
3.74702574214e-09	4.53705961689e-11
3.87192479635e-09	-1.28014265854e-11
3.99682385057e-09	2.53050913557e-11
4.12172290478e-09	4.02193833793e-11
4.246621959e-09	-4.3327563759e-11
4.37152101321e-09	-2.81713541384e-11
4.49642006743e-09	-1.45590428602e-10
4.62131912164e-09	3.23763238441e-11
4.74621817585e-09	1.851896414e-11
4.87111723007e-09	-1.56949120367e-10
4.99601628428e-09	-5.63291635558e-11
5.1209153385e-09	-5.36099220572e-11
5.24581439271e-09	3.12838643879e-11
5.37071344693e-09	3.42561534694e-11
5.49561250114e-09	7.78306308291e-11
5.62051155535e-09	5.90825166569e-11
5.74541060957e-09	-1.35097488752e-11
5.87030966378e-09	1.37441169556e-11
5.995208718e-09	1.04853015159e-10
6.12010777221e-09	3.0488500613e-11
6.24500682643e-09	-9.6192831478e-11
6.36990588064e-09	3.46142003949e-11
6.49480493485e-09	2.06128447644e-11
6.61970398907e-09	5.73758818234e-11
6.74460304328e-09	-2.9167779303e-12
6.8695020975e-09	5.91078297418e-11
6.99440115171e-09	-1.02786668066e-10
7.11930020593e-09	-9.37675492807e-11
7.24419926014e-09	8.58770832224e-11
7.36909831436e-09	-1.13761222664e-10
7.49399736857e-09	-2.44778863845e-10
7.61889642278e-09	-1.02238106869e-10
7.743795477e-09	2.12314776871e-10
7.86869453121e-09	4.93670659907e-11
7.99359358543e-09	-3.00036329115e-10
8.11849263964e-09	-2.18449702771e-11
8.24339169386e-09	1.13653531031e-10
8.36829074807e-09	-9.82719738918e-11
8.49318980228e-09	-1.09692588346e-10
8.6180888565e-09	4.72786809702e-11
8.74298791071e-09	8.02365396346e-11
8.86788696493e-09	-1.52211382387e-10
8.99278601914e-09	2.08137326818e-11
9.11768507336e-09	2.70220901211e-10
9.24258412757e-09	4.42958308922e-11
9.36748318179e-09	-8.62609705887e-11
9.492382236e-09	9.00422375549e-11
9.61728129021e-09	1.10557292488e-10
9.74218034443e-09	-5.43599401603e-11
9.86707939864e-09	-1.21377671802e-10
9.99197845286e-09	2.11001729977e-10
1.01168775071e-08	1.58419208307e-10
1.02417765613e-08	-1.13980019867e-10
1.03666756155e-08	2.42264402983e-11
1.04915746697e-08	5.43433631428e-11
1.06164737239e-08	6.51255022133e-11
1.07413727781e-08	-1.2129343363e-10
1.08662718324e-08	-9.71050947984e-11
1.09911708866e-08	3.98928598488e-11
1.11160699408e-08	-3.37413604001e-11
1.1240968995e-08	6.51138934438e-11
1.13658680492e-08	2.95204971579e-11
1.14907671034e-08	-9.66906936462e-12
1.16156661576e-08	3.39091255075e-11
1.17405652119e-08	1.30590191438e-10
1.18654642661e-08	1.32160421495e-10
1.19903633203e-08	-3.03224140241e-10
1.21152623745e-08	-1.56138643681e-12
1.22401614287e-08	2.5216578825e-10
1.23650604829e-08	-5.84342851884e-11
1.24899595371e-08	-1.24916847699e-11
1.26148585914e-08	2.38321792856e-11
1.27397576456e-08	1.05900142822e-10
1.28646566998e-08	-2.09014305863e-10
1.2989555754e-08	-2.38059516544e-10
1.31144548082e-08	2.00652841564e-10
1.32393538624e-08	-8.91860751917e-11
1.33642529166e-08	-2.04651254276e-10
1.34891519709e-08	-5.09273803684e-11
1.36140510251e-08	7.57897355985e-11
1.37389500793e-08	-4.10302607862e-12
