% time-domain voltage integration by openEMS v0.37.0-rc1-8-g27dcde1 @Sun Sep 20 16:00:55 2026
% start-coordinates: (0.0231818,0,0) m -> [48,14,11]
% stop-coordinates: (0.0231818,0,-0.0002) m -> [48,14,7]
% t/s	voltage
0	0
1.24983726914e-10	1.40329412587e-11
2.49967453828e-10	2.02463493887e-10
3.74951180741e-10	-1.31495352801e-10
4.99934907655e-10	2.53911867226e-10
6.24918634569e-10	1.70073746752e-10
7.49902361483e-10	3.91328539018e-10
8.74886088397e-10	9.98914510136e-11
9.99869815311e-10	1.79491799895e-10
1.12485354222e-09	6.65852338544e-11
1.24983726914e-09	-9.00965933803e-11
1.37482099605e-09	2.64323892635e-10
1.49980472297e-09	-3.49554392376e-10
1.62478844988e-09	6.31834575979e-11
1.74977217679e-09	1.46949289542e-10
1.87475590371e-09	1.25036571375e-10
1.99973963062e-09	-3.04689648511e-10
2.12472335754e-09	-1.11426954469e-10
2.24970708445e-09	2.53574203302e-10
2.37469081136e-09	2.84606047063e-10
2.49967453828e-09	3.43923972634e-10
2.62465826519e-09	3.88629087245e-10
2.7496419921e-09	1.53623315458e-10
2.87462571902e-09	-2.07194768287e-10
2.99960944593e-09	-5.88259913004e-10
3.12459317285e-09	-9.94950677402e-10
3.24957689976e-09	-1.12261694385e-09
3.37456062667e-09	-8.45002595673e-10
3.49954435359e-09	-5.1391749363e-11
3.6245280805e-09	1.05046937815e-09
3.74951180741e-09	2.16086898375e-09
3.87449553433e-09	2.75109340864e-09
3.99947926124e-09	2.05026023936e-09
4.12446298816e-09	6.56885615347e-10
4.24944671507e-09	-1.50669232646e-09
4.37443044198e-09	-3.80117659571e-09
4.4994141689e-09	-4.51671366974e-09
4.62439789581e-09	-4.27426527505e-09
4.74938162273e-09	-2.32418334578e-09
4.87436534964e-09	1.1422072177e-09
4.99934907655e-09	4.3163811414e-09
5.12433280347e-09	6.66346577916e-09
5.24931653038e-09	6.53098330972e-09
5.37430025729e-09	4.20322743278e-09
5.49928398421e-09	5.34639589544e-10
5.62426771112e-09	-3.78070830198e-09
5.74925143804e-09	-7.48193207389e-09
5.87423516495e-09	-7.62088725459e-09
5.99921889186e-09	-6.01852978566e-09
6.12420261878e-09	-2.00612479406e-09
6.24918634569e-09	1.60494101342e-09
6.37417007261e-09	5.55073431663e-09
6.49915379952e-09	7.18749459949e-09
6.62413752643e-09	6.21161566627e-09
6.74912125335e-09	3.33245886441e-09
6.87410498026e-09	-2.25910654766e-10
6.99908870717e-09	-3.15338588575e-09
7.12407243409e-09	-4.55032289626e-09
7.249056161e-09	-4.64418026258e-09
7.37403988792e-09	-3.04953012842e-09
7.49902361483e-09	-6.7393020331e-10
7.62400734174e-09	1.30594103587e-09
7.74899106866e-09	2.81093132104e-09
7.87397479557e-09	2.59759791454e-09
7.99895852248e-09	2.09892336844e-09
8.1239422494e-09	1.08160277956e-09
8.24892597631e-09	-2.60839372671e-10
8.37390970323e-09	-1.17578721759e-09
8.49889343014e-09	-1.19029147649e-09
8.62387715705e-09	-6.93187951484e-10
8.74886088397e-09	-9.44943193137e-10
8.87384461088e-09	-5.73604087839e-10
8.9988283378e-09	-1.06266523359e-11
9.12381206471e-09	2.89338063925e-10
9.24879579162e-09	3.77555115644e-10
9.37377951854e-09	3.63742461498e-10
9.49876324545e-09	3.69361565639e-10
9.62374697236e-09	2.67270660465e-10
9.74873069928e-09	3.44154235492e-10
9.87371442619e-09	8.7717307376e-11
9.99869815311e-09	-1.75648302327e-11
1.012368188e-08	-2.34677474502e-10
1.02486656069e-08	-3.96949539211e-11
1.03736493338e-08	-3.79334237632e-10
