% time-domain voltage integration by openEMS v0.37.0-rc1-8-g27dcde1 @Sun Sep 20 16:00:55 2026
% start-coordinates: (0.0228182,0.001815,0) m -> [47,23,11]
% stop-coordinates: (0.0228182,0.001815,-0.0002) m -> [47,23,7]
% t/s	voltage
0	0
1.24983726914e-10	1.41236607912e-11
2.49967453828e-10	-6.79460029906e-11
3.74951180741e-10	-4.08302992111e-11
4.99934907655e-10	-7.28192506294e-11
6.24918634569e-10	9.79278793473e-11
7.49902361483e-10	-1.14253618719e-10
8.74886088397e-10	-1.66160845499e-10
9.99869815311e-10	1.06076805326e-10
1.12485354222e-09	1.67540243831e-11
1.24983726914e-09	1.27976230307e-10
1.37482099605e-09	1.38655555787e-10
1.49980472297e-09	-1.47579897955e-10
1.62478844988e-09	-5.84071185514e-11
1.74977217679e-09	-2.22662364241e-10
1.87475590371e-09	-1.21193780706e-10
1.99973963062e-09	-3.45138071768e-11
2.12472335754e-09	-5.26000762044e-11
2.24970708445e-09	1.10567435416e-10
2.37469081136e-09	1.07272241437e-10
2.49967453828e-09	2.88330415099e-10
2.62465826519e-09	4.24830615131e-10
2.7496419921e-09	2.25310763102e-10
2.87462571902e-09	-1.59132478028e-10
2.99960944593e-09	-6.74959949043e-10
3.12459317285e-09	-1.06407985201e-09
3.24957689976e-09	-1.24834062531e-09
3.37456062667e-09	-8.21165815901e-10
3.49954435359e-09	-1.06040924305e-10
3.6245280805e-09	1.17059240079e-09
3.74951180741e-09	2.27885182946e-09
3.87449553433e-09	2.70634509247e-09
3.99947926124e-09	2.31601965384e-09
4.12446298816e-09	7.12222045229e-10
4.24944671507e-09	-1.52342163884e-09
4.37443044198e-09	-3.78696651815e-09
4.4994141689e-09	-4.98725905018e-09
4.62439789581e-09	-4.57629589778e-09
4.74938162273e-09	-2.28084140463e-09
4.87436534964e-09	1.12154013854e-09
4.99934907655e-09	4.524226771e-09
5.12433280347e-09	6.88613666089e-09
5.24931653038e-09	7.08722114329e-09
5.37430025729e-09	4.66851124425e-09
5.49928398421e-09	5.51379802927e-10
5.62426771112e-09	-4.01522509685e-09
5.74925143804e-09	-7.27141402646e-09
5.87423516495e-09	-8.08084310577e-09
5.99921889186e-09	-6.2218162844e-09
6.12420261878e-09	-2.37938085901e-09
6.24918634569e-09	2.32331531791e-09
6.37417007261e-09	5.62696755857e-09
6.49915379952e-09	7.2328564249e-09
6.62413752643e-09	6.11737582812e-09
6.74912125335e-09	3.15885595459e-09
6.87410498026e-09	-3.14780694566e-10
6.99908870717e-09	-3.61684443506e-09
7.12407243409e-09	-5.21554521793e-09
7.249056161e-09	-4.38268754621e-09
7.37403988792e-09	-2.92171031813e-09
7.49902361483e-09	-5.18652287784e-10
7.62400734174e-09	1.36997024835e-09
7.74899106866e-09	2.68908462164e-09
7.87397479557e-09	2.6399173958e-09
7.99895852248e-09	1.92600174698e-09
8.1239422494e-09	7.59075219348e-10
8.24892597631e-09	-3.67453519001e-10
8.37390970323e-09	-1.06147646228e-09
8.49889343014e-09	-1.25052224131e-09
8.62387715705e-09	-9.1664806301e-10
8.74886088397e-09	-5.73901065559e-10
8.87384461088e-09	-2.85304392958e-11
8.9988283378e-09	3.33764439697e-10
9.12381206471e-09	4.80964316985e-10
9.24879579162e-09	3.28927309001e-10
9.37377951854e-09	1.55149585887e-10
9.49876324545e-09	8.58994819719e-11
9.62374697236e-09	-2.02099774416e-10
9.74873069928e-09	-1.1869803751e-10
9.87371442619e-09	8.13723611062e-12
9.99869815311e-09	-5.73453342104e-11
1.012368188e-08	-1.27546841144e-10
1.02486656069e-08	-2.34148273687e-11
1.03736493338e-08	-8.24547376991e-11
