% time-domain voltage integration by openEMS v0.37.0-rc1-8-g27dcde1 @Sun Sep 20 15:52:37 2026
% start-coordinates: (0.023,0.00169,-0.0002) m -> [10,5,1]
% stop-coordinates: (0.023,0.00169,0) m -> [10,5,2]
% t/s	voltage
0	-0
1.24899054214e-10	-4.09384276479e-10
2.49798108429e-10	3.25829946357e-10
3.74697162643e-10	2.61635435539e-10
4.99596216857e-10	6.63829546887e-10
6.24495271072e-10	3.12264575308e-10
7.49394325286e-10	-9.34578858747e-10
8.74293379501e-10	9.46964839876e-10
9.99192433715e-10	3.36338207285e-10
1.12409148793e-09	3.63096719358e-10
1.24899054214e-09	-5.16028164643e-10
1.37388959636e-09	-1.73079092725e-10
1.49878865057e-09	9.22135368064e-10
1.62368770479e-09	-7.32284344274e-10
1.748586759e-09	3.93993337955e-10
1.87348581322e-09	-3.18835874369e-10
1.99838486743e-09	-2.07753855785e-10
2.12328392164e-09	-6.29107266281e-10
2.24818297586e-09	-2.61563937176e-10
2.37308203007e-09	6.7657202063e-10
2.49798108429e-09	-1.79100886899e-10
2.6228801385e-09	-7.2823023653e-12
2.74777919272e-09	-2.5286375771e-10
2.87267824693e-09	-1.77588513339e-10
2.99757730114e-09	-9.2075125302e-10
3.12247635536e-09	-9.76901892713e-11
3.24737540957e-09	-1.2712310371e-10
3.37227446379e-09	3.00020314148e-10
3.497173518e-09	4.21139678686e-10
3.62207257222e-09	1.02086106235e-09
3.74697162643e-09	1.68345903884e-09
3.87187068065e-09	2.8163840704e-10
3.99676973486e-09	7.82769349339e-10
4.12166878907e-09	-6.67565835943e-10
4.24656784329e-09	-1.3499045215e-09
4.3714668975e-09	-2.41116437927e-09
4.49636595172e-09	-1.84140558357e-09
4.62126500593e-09	1.04040320803e-09
4.74616406015e-09	1.3178739211e-09
4.87106311436e-09	3.02234837157e-09
4.99596216857e-09	2.06205519326e-09
5.12086122279e-09	1.3558781875e-09
5.245760277e-09	-6.85326240202e-10
5.37065933122e-09	-2.41713649096e-09
5.49555838543e-09	-3.03958924697e-09
5.62045743965e-09	-3.37113870152e-09
5.74535649386e-09	-1.25644095128e-09
5.87025554808e-09	1.06163085267e-10
5.99515460229e-09	2.00200855893e-09
6.1200536565e-09	2.17556062054e-09
6.24495271072e-09	3.36295680192e-09
6.36985176493e-09	2.61251442701e-09
6.49475081915e-09	1.72625094774e-10
6.61964987336e-09	-1.35902489262e-09
6.74454892758e-09	-2.65848054681e-09
6.86944798179e-09	-2.15214446264e-09
6.994347036e-09	-2.22895701896e-09
7.11924609022e-09	6.74273692436e-10
7.24414514443e-09	1.98109062488e-09
7.36904419865e-09	1.95696214789e-09
7.49394325286e-09	1.43297274047e-09
7.61884230708e-09	2.04375988355e-10
7.74374136129e-09	1.30043045776e-10
7.8686404155e-09	-1.64125968372e-09
7.99353946972e-09	-6.76529277044e-10
8.11843852393e-09	-7.02146951692e-10
8.24333757815e-09	-1.00180008733e-09
8.36823663236e-09	-6.13195216825e-10
8.49313568658e-09	2.15836071238e-10
8.61803474079e-09	8.57030113544e-10
8.74293379501e-09	-2.26032095818e-10
8.86783284922e-09	1.41473777138e-10
8.99273190343e-09	1.1710800385e-10
9.11763095765e-09	-1.36177041865e-10
9.24253001186e-09	-1.02611508179e-09
9.36742906608e-09	4.40115888178e-10
9.49232812029e-09	1.04390029954e-09
9.61722717451e-09	3.06810549189e-10
9.74212622872e-09	-2.68306238338e-10
9.86702528293e-09	-1.08488953932e-10
9.99192433715e-09	9.37882549401e-10
1.01168233914e-08	-3.85640019918e-10
1.02417224456e-08	4.60165877625e-10
1.03666214998e-08	3.27755517171e-10
1.0491520554e-08	-4.84376372345e-10
1.06164196082e-08	-1.34386807238e-10
1.07413186624e-08	-3.54626744636e-10
1.08662177166e-08	7.76971820216e-10
1.09911167709e-08	-4.9472825836e-10
1.11160158251e-08	-3.71181106684e-11
1.12409148793e-08	-3.01626890131e-10
1.13658139335e-08	-7.04220848302e-10
1.14907129877e-08	-4.72787031747e-10
1.16156120419e-08	2.73746414425e-10
1.17405110962e-08	1.05372466308e-09
1.18654101504e-08	-1.17165097069e-10
1.19903092046e-08	-8.03584976339e-10
1.21152082588e-08	4.03229172274e-10
1.2240107313e-08	1.32965832789e-10
1.23650063672e-08	5.16299614173e-10
1.24899054214e-08	1.19670884313e-09
1.26148044757e-08	4.99450036884e-10
1.27397035299e-08	-6.33028629515e-11
1.28646025841e-08	-1.15551468394e-09
1.29895016383e-08	6.51918574679e-10
1.31144006925e-08	9.255669009e-10
1.32392997467e-08	2.03818420474e-10
1.33641988009e-08	7.96964660932e-10
1.34890978552e-08	-4.66741367777e-10
1.36139969094e-08	-1.05530240102e-09
1.37388959636e-08	-1.35451305727e-09
