% time-domain voltage integration by openEMS v0.37.0-rc1-8-g27dcde1 @Sun Sep 20 16:00:55 2026
% start-coordinates: (0.00145455,0,0) m -> [11,14,11]
% stop-coordinates: (0.00145455,0,-0.0002) m -> [11,14,7]
% t/s	voltage
0	0
1.24983726914e-10	7.45970771265e-10
2.49967453828e-10	-3.75310792861e-10
3.74951180741e-10	-8.53984230553e-10
4.99934907655e-10	-6.13500872326e-09
6.24918634569e-10	-3.17387055526e-09
7.49902361483e-10	1.19933285525e-10
8.74886088397e-10	1.2057407961e-08
9.99869815311e-10	2.18317586231e-08
1.12485354222e-09	3.11502752481e-08
1.24983726914e-09	2.87781602992e-08
1.37482099605e-09	6.20604700963e-09
1.49980472297e-09	-3.75453872437e-08
1.62478844988e-09	-9.44419227267e-08
1.74977217679e-09	-1.41022056255e-07
1.87475590371e-09	-1.44576734584e-07
1.99973963062e-09	-7.19281274542e-08
2.12472335754e-09	8.91131701763e-08
2.24970708445e-09	3.04011962271e-07
2.37469081136e-09	4.9910737232e-07
2.49967453828e-09	5.54228492433e-07
2.62465826519e-09	3.72068910792e-07
2.7496419921e-09	-8.92372487016e-08
2.87462571902e-09	-7.39280963558e-07
2.99960944593e-09	-1.35959822956e-06
3.12459317285e-09	-1.63712061862e-06
3.24957689976e-09	-1.29851090946e-06
3.37456062667e-09	-2.47701770206e-07
3.49954435359e-09	1.31477847276e-06
3.6245280805e-09	2.8725643233e-06
3.74951180741e-09	3.74272764248e-06
3.87449553433e-09	3.3292445778e-06
3.99947926124e-09	1.43058497315e-06
4.12446298816e-09	-1.55695448711e-06
4.24944671507e-09	-4.6628730388e-06
4.37443044198e-09	-6.64143317408e-06
4.4994141689e-09	-6.45709076252e-06
4.62439789581e-09	-3.76518306666e-06
4.74938162273e-09	7.9254009222e-07
4.87436534964e-09	5.7158878235e-06
4.99934907655e-09	9.15322129913e-06
5.12433280347e-09	9.61905266195e-06
5.24931653038e-09	6.65119182486e-06
5.37430025729e-09	1.10554648813e-06
5.49928398421e-09	-5.11798134539e-06
5.62426771112e-09	-9.75506054601e-06
5.74925143804e-09	-1.10879759632e-05
5.87423516495e-09	-8.60642444422e-06
5.99921889186e-09	-3.2357658597e-06
6.12420261878e-09	3.04783736738e-06
6.24918634569e-09	7.9789033407e-06
6.37417007261e-09	9.91881370282e-06
6.49915379952e-09	8.41188648337e-06
6.62413752643e-09	4.28805719821e-06
6.74912125335e-09	-7.68258303196e-07
6.87410498026e-09	-4.91991397666e-06
6.99908870717e-09	-6.88973943852e-06
7.12407243409e-09	-6.31756176972e-06
7.249056161e-09	-3.82006822974e-06
7.37403988792e-09	-5.66675893765e-07
7.49902361483e-09	2.20801854312e-06
7.62400734174e-09	3.69738870631e-06
7.74899106866e-09	3.66821728903e-06
7.87397479557e-09	2.48853933726e-06
7.99895852248e-09	8.19077328629e-07
8.1239422494e-09	-6.5600042376e-07
8.24892597631e-09	-1.51940446358e-06
8.37390970323e-09	-1.65338829561e-06
8.49889343014e-09	-1.22838085304e-06
8.62387715705e-09	-5.48515004084e-07
8.74886088397e-09	8.28983637291e-08
8.87384461088e-09	4.72469096735e-07
8.9988283378e-09	5.79630480502e-07
9.12381206471e-09	4.64662690547e-07
9.24879579162e-09	2.4837935797e-07
9.37377951854e-09	3.09680650012e-08
9.49876324545e-09	-1.08472129057e-07
9.62374697236e-09	-1.56670378004e-07
9.74873069928e-09	-1.36489632041e-07
9.87371442619e-09	-8.02932653698e-08
9.99869815311e-09	-2.33232269053e-08
1.012368188e-08	1.9550153052e-08
1.02486656069e-08	3.24295399423e-08
1.03736493338e-08	3.56892027042e-08
