% time-domain current integration by openEMS v0.37.0-rc1-8-g27dcde1 @Sun Sep 20 15:52:37 2026
% start-coordinates: (0,-0.00169,-0.0002) m -> [1,1,1]
% stop-coordinates: (0.002,0.00019,-0.0002) m -> [2,4,1]
% t/s	current
5.41157080651e-14	0
1.24953169922e-10	1.18981680064e-09
2.49852224137e-10	2.4863855419e-09
3.74751278351e-10	3.60159524426e-09
4.99650332566e-10	1.06315234394e-09
6.2454938678e-10	-2.71360911519e-09
7.49448440994e-10	-1.06732587213e-08
8.74347495209e-10	-1.69656342308e-08
9.99246549423e-10	-1.90717788229e-08
1.12414560364e-09	-1.18500853574e-08
1.24904465785e-09	1.10291740185e-08
1.37394371207e-09	4.42282122037e-08
1.49884276628e-09	7.87087657272e-08
1.62374182049e-09	9.46209937069e-08
1.74864087471e-09	6.59769483491e-08
1.87353992892e-09	-1.82435773155e-08
1.99843898314e-09	-1.50248212094e-07
2.12333803735e-09	-2.88541912141e-07
2.24823709157e-09	-3.59391805205e-07
2.37313614578e-09	-2.86080592105e-07
2.4980352e-09	-2.29105552307e-08
2.62293425421e-09	3.9604350377e-07
2.74783330842e-09	8.36861545395e-07
2.87273236264e-09	1.09061886633e-06
2.99763141685e-09	9.39241374454e-07
3.12253047107e-09	2.78148661437e-07
3.24742952528e-09	-7.92387027104e-07
3.3723285795e-09	-1.92994230019e-06
3.49722763371e-09	-2.62557387032e-06
3.62212668792e-09	-2.40402232521e-06
3.74702574214e-09	-1.05727247046e-06
3.87192479635e-09	1.16136561701e-06
3.99682385057e-09	3.52432061845e-06
4.12172290478e-09	5.03947285324e-06
4.246621959e-09	4.84002339363e-06
4.37152101321e-09	2.62058074441e-06
4.49642006743e-09	-1.11075109999e-06
4.62131912164e-09	-5.0863254728e-06
4.74621817585e-09	-7.71440682001e-06
4.87111723007e-09	-7.72070325183e-06
4.99601628428e-09	-4.75687147627e-06
5.1209153385e-09	3.35952734076e-07
5.24581439271e-09	5.75936155656e-06
5.37071344693e-09	9.42293991102e-06
5.49561250114e-09	9.79733886197e-06
5.62051155535e-09	6.60158229948e-06
5.74541060957e-09	9.49841535203e-07
5.87030966378e-09	-5.05765501657e-06
5.995208718e-09	-9.17188390304e-06
6.12010777221e-09	-9.91530123429e-06
6.24500682643e-09	-7.14115594747e-06
6.36990588064e-09	-2.04776097235e-06
6.49480493485e-09	3.35658660333e-06
6.61970398907e-09	7.10165386408e-06
6.74460304328e-09	8.01177975518e-06
6.8695020975e-09	6.08184973316e-06
6.99440115171e-09	2.35872539633e-06
7.11930020593e-09	-1.59297053415e-06
7.24419926014e-09	-4.35478841609e-06
7.36909831436e-09	-5.16656973559e-06
7.49399736857e-09	-4.10289339925e-06
7.61889642278e-09	-1.89921070159e-06
7.743795477e-09	4.46744593319e-07
7.86869453121e-09	2.10017856261e-06
7.99359358543e-09	2.65734593086e-06
8.11849263964e-09	2.19916773858e-06
8.24339169386e-09	1.14552278774e-06
8.36829074807e-09	1.63131375075e-08
8.49318980228e-09	-7.86742475611e-07
8.6180888565e-09	-1.08712924884e-06
8.74298791071e-09	-9.37593995332e-07
8.86788696493e-09	-5.31530474746e-07
8.99278601914e-09	-9.0914483053e-08
9.11768507336e-09	2.24303818186e-07
9.24258412757e-09	3.52854812036e-07
9.36748318179e-09	3.18726506521e-07
9.492382236e-09	1.93374930291e-07
9.61728129021e-09	5.37545048473e-08
9.74218034443e-09	-4.62201761309e-08
9.86707939864e-09	-8.99569982948e-08
9.99197845286e-09	-8.52543351471e-08
1.01168775071e-08	-5.48408749523e-08
1.02417765613e-08	-1.91533366944e-08
1.03666756155e-08	6.54427445568e-09
1.04915746697e-08	1.80250516735e-08
1.06164737239e-08	1.82754149591e-08
1.07413727781e-08	1.30503146067e-08
1.08662718324e-08	5.56028467713e-09
1.09911708866e-08	-1.51945983573e-10
1.11160699408e-08	-2.97921709524e-09
1.1240968995e-08	-3.23030180382e-09
1.13658680492e-08	-1.56938884111e-09
1.14907671034e-08	3.49822462664e-11
1.16156661576e-08	2.32822622293e-10
1.17405652119e-08	-7.54743767484e-10
1.18654642661e-08	1.11779578649e-10
1.19903633203e-08	4.11066486405e-10
1.21152623745e-08	-5.92769666685e-10
1.22401614287e-08	4.65138261241e-10
1.23650604829e-08	2.50719056627e-10
1.24899595371e-08	-5.84780335267e-10
1.26148585914e-08	6.20325180112e-11
1.27397576456e-08	-5.82509429581e-10
1.28646566998e-08	4.65018828999e-10
1.2989555754e-08	1.10689749033e-10
1.31144548082e-08	-8.33297653102e-10
1.32393538624e-08	-3.29591631765e-10
1.33642529166e-08	-4.48678538767e-10
1.34891519709e-08	5.1322840422e-10
1.36140510251e-08	-4.95951002488e-10
1.37389500793e-08	-4.47084924637e-10
