% time-domain current integration by openEMS v0.37.0-rc1-8-g27dcde1 @Sun Sep 20 15:52:37 2026
% start-coordinates: (0.0213029,0.00019,-0.0002) m -> [9,4,1]
% stop-coordinates: (0.023,0.00194,-0.0002) m -> [10,6,1]
% t/s	current
5.41157080651e-14	0
1.24953169922e-10	7.75022684918e-11
2.49852224137e-10	-1.16334157585e-10
3.74751278351e-10	-2.39156992821e-11
4.99650332566e-10	-5.46204123597e-11
6.2454938678e-10	-4.43336131695e-11
7.49448440994e-10	7.95142909849e-11
8.74347495209e-10	6.81738832053e-11
9.99246549423e-10	5.00630162326e-11
1.12414560364e-09	-5.97086269316e-11
1.24904465785e-09	-3.30636351631e-11
1.37394371207e-09	5.80717418597e-12
1.49884276628e-09	4.02381808429e-11
1.62374182049e-09	3.82155834755e-11
1.74864087471e-09	7.64026342193e-11
1.87353992892e-09	-6.5297267593e-11
1.99843898314e-09	-5.95150595473e-11
2.12333803735e-09	3.60353968887e-11
2.24823709157e-09	1.23366317162e-11
2.37313614578e-09	-4.19092538451e-12
2.4980352e-09	-1.17513124231e-10
2.62293425421e-09	6.57384147118e-11
2.74783330842e-09	1.98570049292e-11
2.87273236264e-09	-1.0213785373e-10
2.99763141685e-09	2.41082709351e-11
3.12253047107e-09	2.49987808232e-11
3.24742952528e-09	1.18895338019e-10
3.3723285795e-09	-1.15482290397e-10
3.49722763371e-09	-3.02726732571e-11
3.62212668792e-09	2.88125079351e-12
3.74702574214e-09	-2.08282280312e-11
3.87192479635e-09	5.07409669837e-11
3.99682385057e-09	3.39337447031e-11
4.12172290478e-09	8.79047945546e-11
4.246621959e-09	-4.14974721252e-11
4.37152101321e-09	2.68194355613e-11
4.49642006743e-09	3.50790507753e-11
4.62131912164e-09	-1.20046195207e-11
4.74621817585e-09	-8.22133472411e-11
4.87111723007e-09	-9.97424365323e-12
4.99601628428e-09	-7.60547180789e-12
5.1209153385e-09	-5.17755838203e-11
5.24581439271e-09	6.47037978752e-12
5.37071344693e-09	1.97228899879e-11
5.49561250114e-09	7.88382692463e-11
5.62051155535e-09	9.33653154789e-12
5.74541060957e-09	-1.28919097619e-11
5.87030966378e-09	-1.0087930491e-11
5.995208718e-09	-1.00621733168e-10
6.12010777221e-09	3.6456171415e-11
6.24500682643e-09	-2.61231036802e-11
6.36990588064e-09	1.30544464128e-11
6.49480493485e-09	-3.21618287558e-11
6.61970398907e-09	3.29336558025e-11
6.74460304328e-09	6.29221119652e-11
6.8695020975e-09	3.81827902629e-11
6.99440115171e-09	1.29288579842e-10
7.11930020593e-09	-1.71191949505e-11
7.24419926014e-09	-1.34829925003e-10
7.36909831436e-09	-8.50359782589e-11
7.49399736857e-09	9.61222212936e-11
7.61889642278e-09	-1.47939438477e-11
7.743795477e-09	-1.26125498934e-10
7.86869453121e-09	-3.97801791507e-11
7.99359358543e-09	8.21600565359e-11
8.11849263964e-09	-3.01194624797e-11
8.24339169386e-09	-1.11430864536e-10
8.36829074807e-09	1.49949358486e-10
8.49318980228e-09	1.72627356854e-10
8.6180888565e-09	6.72388811296e-11
8.74298791071e-09	-8.01616550916e-11
8.86788696493e-09	-5.5903059959e-11
8.99278601914e-09	-4.47314685292e-11
9.11768507336e-09	-1.41004929954e-10
9.24258412757e-09	1.26886945395e-10
9.36748318179e-09	1.33376309996e-10
9.492382236e-09	1.27929999927e-10
9.61728129021e-09	-3.9421757525e-11
9.74218034443e-09	6.82591483336e-11
9.86707939864e-09	8.25616380817e-11
9.99197845286e-09	-1.63778685058e-10
1.01168775071e-08	-1.54837156985e-10
1.02417765613e-08	-5.84341464105e-11
1.03666756155e-08	7.92879650824e-12
1.04915746697e-08	-5.1368867493e-11
1.06164737239e-08	6.06545300097e-11
1.07413727781e-08	1.84728968233e-10
1.08662718324e-08	1.32411068221e-10
1.09911708866e-08	-1.00422115068e-10
1.11160699408e-08	-1.61810453925e-10
1.1240968995e-08	-1.30047986269e-10
1.13658680492e-08	-1.38246664116e-10
1.14907671034e-08	2.08799574852e-11
1.16156661576e-08	1.17812717915e-10
1.17405652119e-08	1.01282579545e-10
1.18654642661e-08	-6.63095967024e-12
1.19903633203e-08	1.09397962911e-10
1.21152623745e-08	-3.35174041299e-11
1.22401614287e-08	-1.16535225914e-10
1.23650604829e-08	-3.34494584808e-11
1.24899595371e-08	-7.81457676347e-11
1.26148585914e-08	-9.06879848994e-11
1.27397576456e-08	-8.99722102377e-11
1.28646566998e-08	1.97020344483e-10
1.2989555754e-08	2.42056485966e-10
1.31144548082e-08	2.75171031794e-11
1.32393538624e-08	3.57447890731e-11
1.33642529166e-08	-2.73529462969e-11
1.34891519709e-08	-1.92855731385e-10
1.36140510251e-08	-1.78071321577e-10
1.37389500793e-08	-3.49732916238e-12
