% time-domain voltage integration by openEMS v0.37.0-rc1-8-g27dcde1 @Sun Sep 20 15:52:37 2026
% start-coordinates: (0.002,0,-0.0002) m -> [2,3,1]
% stop-coordinates: (0.002,0,0) m -> [2,3,2]
% t/s	voltage
0	-0
1.24899054214e-10	1.50985886194e-06
2.49798108429e-10	9.5662271633e-06
3.74697162643e-10	2.00817594305e-05
4.99596216857e-10	2.80999738607e-05
6.24495271072e-10	2.54635178862e-05
7.49394325286e-10	3.18999491355e-06
8.74293379501e-10	-4.31344415119e-05
9.99192433715e-10	-0.000106080697151
1.12409148793e-09	-0.000160699535627
1.24899054214e-09	-0.000165545876371
1.37388959636e-09	-7.54387874622e-05
1.49878865057e-09	0.000133113033371
1.62368770479e-09	0.000430519896327
1.748586759e-09	0.000712267879862
1.87348581322e-09	0.000807324249763
1.99838486743e-09	0.000532448815648
2.12328392164e-09	-0.000210233600228
2.24818297586e-09	-0.00132314558141
2.37308203007e-09	-0.00244813249446
2.49798108429e-09	-0.00301063479856
2.6228801385e-09	-0.00240910216235
2.74777919272e-09	-0.000320816179737
2.87267824693e-09	0.00298670725897
2.99757730114e-09	0.00650711031631
3.12247635536e-09	0.00866586714983
3.24737540957e-09	0.00786067731678
3.37227446379e-09	0.00324181141332
3.497173518e-09	-0.00457830820233
3.62207257222e-09	-0.0132781285793
3.74697162643e-09	-0.0193327460438
3.87187068065e-09	-0.019270516932
3.99676973486e-09	-0.0112933479249
4.12166878907e-09	0.00342647591606
4.24656784329e-09	0.0204898938537
4.3714668975e-09	0.0334423594177
4.49636595172e-09	0.0361528098583
4.62126500593e-09	0.0255471188575
4.74616406015e-09	0.0034973511938
4.87106311436e-09	-0.0231502652168
4.99596216857e-09	-0.0447201617062
5.12086122279e-09	-0.0523710735142
5.245760277e-09	-0.0418362542987
5.37065933122e-09	-0.0155975176021
5.49555838543e-09	0.0175993144512
5.62045743965e-09	0.0458754189312
5.74535649386e-09	0.0588040612638
5.87025554808e-09	0.051556635648
5.99515460229e-09	0.0268463715911
6.1200536565e-09	-0.00616620061919
6.24495271072e-09	-0.0355348624289
6.36985176493e-09	-0.0511904172599
6.49475081915e-09	-0.04865886271
6.61964987336e-09	-0.0303680561483
6.74454892758e-09	-0.00417377008125
6.86944798179e-09	0.0200839228928
6.994347036e-09	0.0344351045787
7.11924609022e-09	0.0354720801115
7.24414514443e-09	0.0249598026276
7.36904419865e-09	0.00840443186462
7.49394325286e-09	-0.00755869084969
7.61884230708e-09	-0.0177554283291
7.74374136129e-09	-0.0200452953577
7.8686404155e-09	-0.0154619533569
7.99353946972e-09	-0.00715362560004
8.11843852393e-09	0.00121938961092
8.24333757815e-09	0.00690147886053
8.36823663236e-09	0.00878083147109
8.49313568658e-09	0.0073409602046
8.61803474079e-09	0.00404695654288
8.74293379501e-09	0.000548741256353
8.86783284922e-09	-0.0019499551272
8.99273190343e-09	-0.00297098793089
9.11763095765e-09	-0.00269297952764
9.24253001186e-09	-0.00166944670491
9.36742906608e-09	-0.00050728500355
9.49232812029e-09	0.000362542632502
9.61722717451e-09	0.000769832695369
9.74212622872e-09	0.000765840290114
9.86702528293e-09	0.000519844179507
9.99192433715e-09	0.000213703329791
1.01168233914e-08	-2.62967150775e-05
1.02417224456e-08	-0.000150105159264
1.03666214998e-08	-0.000168795959326
1.0491520554e-08	-0.000124149097246
1.06164196082e-08	-6.04703527642e-05
1.07413186624e-08	-7.98062865215e-06
1.08662177166e-08	2.11834449146e-05
1.09911167709e-08	2.87209386443e-05
1.11160158251e-08	2.29187389778e-05
1.12409148793e-08	1.25186843434e-05
1.13658139335e-08	3.43139095094e-06
1.14907129877e-08	-3.80424751256e-07
1.16156120419e-08	-1.26905099762e-08
1.17405110962e-08	2.63244026577e-09
1.18654101504e-08	1.81009784939e-09
1.19903092046e-08	2.12723366699e-10
1.21152082588e-08	6.45849540515e-10
1.2240107313e-08	-6.29866114821e-09
1.23650063672e-08	2.03019556722e-09
1.24899054214e-08	3.37796152161e-10
1.26148044757e-08	2.17409867886e-09
1.27397035299e-08	3.13249581829e-09
1.28646025841e-08	-4.46645831431e-09
1.29895016383e-08	-3.1033953185e-09
1.31144006925e-08	-1.8120841494e-09
1.32392997467e-08	1.31003596859e-09
1.33641988009e-08	2.7868309882e-09
1.34890978552e-08	4.19878160018e-11
1.36139969094e-08	2.80916134798e-09
1.37388959636e-08	-3.59440477382e-09
