% time-domain current integration by openEMS v0.37.0-rc1-8-g27dcde1 @Sun Sep 20 16:00:55 2026
% start-coordinates: (0.0224545,-0.00049,-5e-05) m -> [46,11,10]
% stop-coordinates: (0.0224545,0.00019,0) m -> [46,16,11]
% t/s	current
1.28584081187e-14	0
1.24996585322e-10	7.41528420698e-14
2.49980312236e-10	-6.85070218869e-14
3.7496403915e-10	-1.56874990428e-12
4.99947766063e-10	1.72543880225e-12
6.24931492977e-10	-9.53025839127e-14
7.49915219891e-10	2.18016387278e-13
8.74898946805e-10	5.92057978165e-13
9.99882673719e-10	1.1980375459e-12
1.12486640063e-09	1.40674567806e-13
1.24985012755e-09	1.44642110789e-12
1.37483385446e-09	9.99872819089e-13
1.49981758137e-09	5.6232671514e-13
1.62480130829e-09	-5.13991139147e-13
1.7497850352e-09	-1.05430258707e-12
1.87476876212e-09	7.95811170868e-16
1.99975248903e-09	-9.36799791386e-13
2.12473621594e-09	1.44939060211e-14
2.24971994286e-09	-7.54468861518e-13
2.37470366977e-09	1.07476907148e-12
2.49968739668e-09	-2.3774276818e-13
2.6246711236e-09	9.9784687891e-13
2.74965485051e-09	5.39465336551e-13
2.87463857743e-09	-6.77303482396e-13
2.99962230434e-09	8.55704125179e-13
3.12460603125e-09	1.51338021433e-13
3.24958975817e-09	-4.04142295801e-13
3.37457348508e-09	9.94273240129e-13
3.499557212e-09	8.32499542393e-13
3.62454093891e-09	5.99700573489e-13
3.74952466582e-09	-3.15245876278e-13
3.87450839274e-09	-1.69401547911e-13
3.99949211965e-09	3.31538995476e-13
4.12447584656e-09	8.14739009765e-13
4.24945957348e-09	-8.11962801682e-14
4.37444330039e-09	-2.37110786734e-12
4.49942702731e-09	8.6470235269e-13
4.62441075422e-09	1.03832567544e-12
4.74939448113e-09	1.52616146717e-13
4.87437820805e-09	-1.01252459108e-12
4.99936193496e-09	1.67539146076e-13
5.12434566188e-09	9.12011893957e-13
5.24932938879e-09	-6.89271122817e-13
5.3743131157e-09	1.63860071345e-12
5.49929684262e-09	-6.84383322583e-13
5.62428056953e-09	3.14228975956e-13
5.74926429644e-09	-3.52092508794e-12
5.87424802336e-09	3.17793794752e-12
5.99923175027e-09	3.23181173663e-12
6.12421547719e-09	6.11501084144e-13
6.2491992041e-09	1.93170219404e-12
6.37418293101e-09	-3.25097696159e-13
6.49916665793e-09	3.10186988942e-12
6.62415038484e-09	-1.99819314198e-13
6.74913411175e-09	-5.37070127954e-12
6.87411783867e-09	6.40741756527e-12
6.99910156558e-09	2.07548865247e-12
7.1240852925e-09	1.77762232018e-11
7.24906901941e-09	-9.88978517136e-12
7.37405274632e-09	8.0107752029e-12
7.49903647324e-09	-2.2231856113e-12
7.62402020015e-09	-7.22041350321e-12
7.74900392707e-09	7.06449265406e-12
7.87398765398e-09	-1.09264264303e-11
7.99897138089e-09	2.12079312445e-11
8.12395510781e-09	-4.92383824685e-12
8.24893883472e-09	1.14695677001e-12
8.37392256163e-09	-1.19869548315e-11
8.49890628855e-09	-4.36604571941e-12
8.62389001546e-09	1.26845808163e-11
8.74887374238e-09	-2.10017810434e-12
8.87385746929e-09	-2.39147989606e-11
8.9988411962e-09	-1.08738842583e-11
9.12382492312e-09	-6.37562008396e-12
9.24880865003e-09	4.34507811675e-11
9.37379237695e-09	-2.22228160353e-12
9.49877610386e-09	-2.27416436377e-12
9.62375983077e-09	2.12966502072e-11
9.74874355769e-09	2.07791926027e-11
9.8737272846e-09	2.14087406657e-12
9.99871101151e-09	-1.16224282802e-12
1.01236947384e-08	1.31053223829e-11
1.02486784653e-08	-2.42115424931e-11
1.03736621923e-08	9.65401630165e-12
