% time-domain voltage integration by openEMS v0.37.0-rc1-8-g27dcde1 @Sun Sep 20 16:00:55 2026
% start-coordinates: (0.00218182,0,0) m -> [13,14,11]
% stop-coordinates: (0.00218182,0,-0.0002) m -> [13,14,7]
% t/s	voltage
0	0
1.24983726914e-10	1.19878053317e-09
2.49967453828e-10	-1.6654834456e-09
3.74951180741e-10	-2.50577802952e-09
4.99934907655e-10	-2.17725015794e-09
6.24918634569e-10	-1.22428439608e-09
7.49902361483e-10	1.24646004629e-09
8.74886088397e-10	2.47418369126e-09
9.99869815311e-10	8.42736969098e-09
1.12485354222e-09	9.96755389338e-09
1.24983726914e-09	9.09123865078e-09
1.37482099605e-09	2.43407927147e-09
1.49980472297e-09	-1.25283172725e-08
1.62478844988e-09	-3.22824069698e-08
1.74977217679e-09	-4.66400820187e-08
1.87475590371e-09	-4.79623434302e-08
1.99973963062e-09	-2.39932536061e-08
2.12472335754e-09	2.9480728525e-08
2.24970708445e-09	9.98436657795e-08
2.37469081136e-09	1.64655510559e-07
2.49967453828e-09	1.85773913586e-07
2.62465826519e-09	1.25278699414e-07
2.7496419921e-09	-2.64091073454e-08
2.87462571902e-09	-2.4432799961e-07
2.99960944593e-09	-4.50144206354e-07
3.12459317285e-09	-5.47186104427e-07
3.24957689976e-09	-4.38115435486e-07
3.37456062667e-09	-8.93732110541e-08
3.49954435359e-09	4.29419429793e-07
3.6245280805e-09	9.51889319367e-07
3.74951180741e-09	1.24804876123e-06
3.87449553433e-09	1.11681117687e-06
3.99947926124e-09	4.91964769367e-07
4.12446298816e-09	-5.0165918708e-07
4.24944671507e-09	-1.54241092787e-06
4.37443044198e-09	-2.21375449883e-06
4.4994141689e-09	-2.1645850552e-06
4.62439789581e-09	-1.27843424025e-06
4.74938162273e-09	2.34972706181e-07
4.87436534964e-09	1.88467012663e-06
4.99934907655e-09	3.04609676505e-06
5.12433280347e-09	3.21696404626e-06
5.24931653038e-09	2.24798873205e-06
5.37430025729e-09	4.07030384508e-07
5.49928398421e-09	-1.67391448258e-06
5.62426771112e-09	-3.24254631323e-06
5.74925143804e-09	-3.70585706833e-06
5.87423516495e-09	-2.89524825803e-06
5.99921889186e-09	-1.11548519044e-06
6.12420261878e-09	9.80542125717e-07
6.24918634569e-09	2.64062816768e-06
6.37417007261e-09	3.31254523189e-06
6.49915379952e-09	2.82669174112e-06
6.62413752643e-09	1.4594964739e-06
6.74912125335e-09	-2.25248761865e-07
6.87410498026e-09	-1.62369812529e-06
6.99908870717e-09	-2.29403400454e-06
7.12407243409e-09	-2.11742019474e-06
7.249056161e-09	-1.29164561713e-06
7.37403988792e-09	-2.10376391863e-07
7.49902361483e-09	7.30614544864e-07
7.62400734174e-09	1.22930106272e-06
7.74899106866e-09	1.22676161141e-06
7.87397479557e-09	8.39429731059e-07
7.99895852248e-09	2.86067958655e-07
8.1239422494e-09	-2.14660961007e-07
8.24892597631e-09	-5.04368372845e-07
8.37390970323e-09	-5.51370732182e-07
8.49889343014e-09	-4.0974891391e-07
8.62387715705e-09	-1.85431492383e-07
8.74886088397e-09	2.25945480103e-08
8.87384461088e-09	1.55127544588e-07
8.9988283378e-09	1.94069592396e-07
9.12381206471e-09	1.54375349837e-07
9.24879579162e-09	7.90728442723e-08
9.37377951854e-09	1.19555594313e-08
9.49876324545e-09	-3.24851550104e-08
9.62374697236e-09	-5.20547267513e-08
9.74873069928e-09	-4.54192781163e-08
9.87371442619e-09	-2.77599863097e-08
9.99869815311e-09	-7.09008995958e-09
1.012368188e-08	5.34898658699e-09
1.02486656069e-08	9.43810052334e-09
1.03736493338e-08	1.02234072319e-08
