% time-domain voltage integration by openEMS v0.37.0-rc1-8-g27dcde1 @Sun Sep 20 16:00:55 2026
% start-coordinates: (0.0228182,0,0) m -> [47,14,11]
% stop-coordinates: (0.0228182,0,-0.0002) m -> [47,14,7]
% t/s	voltage
0	0
1.24983726914e-10	4.21296504627e-11
2.49967453828e-10	-1.23330385834e-10
3.74951180741e-10	-5.03966937626e-10
4.99934907655e-10	6.83707465643e-11
6.24918634569e-10	3.04031043397e-10
7.49902361483e-10	4.32609816026e-10
8.74886088397e-10	1.76683776117e-11
9.99869815311e-10	1.68374501841e-10
1.12485354222e-09	-5.52759895148e-11
1.24983726914e-09	-6.83150445935e-11
1.37482099605e-09	1.96619071718e-10
1.49980472297e-09	-5.30849539673e-11
1.62478844988e-09	-3.17935855594e-11
1.74977217679e-09	7.6541188318e-11
1.87475590371e-09	1.22895684948e-10
1.99973963062e-09	-2.64690734608e-10
2.12472335754e-09	6.48927422214e-11
2.24970708445e-09	1.69971987873e-10
2.37469081136e-09	3.83414321126e-10
2.49967453828e-09	4.34049185483e-10
2.62465826519e-09	4.04652075736e-10
2.7496419921e-09	1.86983498129e-10
2.87462571902e-09	-1.04014777694e-10
2.99960944593e-09	-5.66603861052e-10
3.12459317285e-09	-1.14216383573e-09
3.24957689976e-09	-1.17026971447e-09
3.37456062667e-09	-9.09866321175e-10
3.49954435359e-09	4.54147101869e-11
3.6245280805e-09	1.12506950978e-09
3.74951180741e-09	2.38063435631e-09
3.87449553433e-09	2.84916867876e-09
3.99947926124e-09	2.23601176463e-09
4.12446298816e-09	5.27288851471e-10
4.24944671507e-09	-1.60951557637e-09
4.37443044198e-09	-3.89150545121e-09
4.4994141689e-09	-4.84442996829e-09
4.62439789581e-09	-4.40266390012e-09
4.74938162273e-09	-2.16073486881e-09
4.87436534964e-09	1.20247986568e-09
4.99934907655e-09	4.55981108427e-09
5.12433280347e-09	7.09532377297e-09
5.24931653038e-09	6.76322486903e-09
5.37430025729e-09	4.59902005367e-09
5.49928398421e-09	9.54111539775e-10
5.62426771112e-09	-3.90439081066e-09
5.74925143804e-09	-7.78608999497e-09
5.87423516495e-09	-8.5524631821e-09
5.99921889186e-09	-6.34655827891e-09
6.12420261878e-09	-2.03392769293e-09
6.24918634569e-09	2.48866155461e-09
6.37417007261e-09	6.30361618459e-09
6.49915379952e-09	7.3100925313e-09
6.62413752643e-09	5.74056180369e-09
6.74912125335e-09	2.92611540553e-09
6.87410498026e-09	-9.77201694563e-10
6.99908870717e-09	-4.066954995e-09
7.12407243409e-09	-4.84616269336e-09
7.249056161e-09	-4.4250848541e-09
7.37403988792e-09	-2.88284301986e-09
7.49902361483e-09	-1.72127581285e-10
7.62400734174e-09	1.71284433859e-09
7.74899106866e-09	2.77864886655e-09
7.87397479557e-09	2.51497300763e-09
7.99895852248e-09	2.07429282084e-09
8.1239422494e-09	7.21520621028e-10
8.24892597631e-09	-2.57952256777e-10
8.37390970323e-09	-1.20333333575e-09
8.49889343014e-09	-1.22021186211e-09
8.62387715705e-09	-4.79025215327e-10
8.74886088397e-09	-5.41463807818e-10
8.87384461088e-09	2.35138918753e-10
8.9988283378e-09	6.72295073778e-10
9.12381206471e-09	6.62110810623e-10
9.24879579162e-09	6.58538480691e-10
9.37377951854e-09	2.43625071505e-10
9.49876324545e-09	1.27450047044e-11
9.62374697236e-09	-3.32890978672e-10
9.74873069928e-09	-4.08845929334e-10
9.87371442619e-09	-3.53181935087e-10
9.99869815311e-09	-3.4705471743e-10
1.012368188e-08	1.79649951165e-10
1.02486656069e-08	2.14136182744e-10
1.03736493338e-08	4.26514646518e-10
