% time-domain voltage integration by openEMS v0.37.0-rc1-8-g27dcde1 @Sun Sep 20 16:00:55 2026
% start-coordinates: (0.0231818,0.001815,0) m -> [48,23,11]
% stop-coordinates: (0.0231818,0.001815,-0.0002) m -> [48,23,7]
% t/s	voltage
0	0
1.24983726914e-10	5.8787956057e-12
2.49967453828e-10	7.2342430657e-11
3.74951180741e-10	-3.33574452782e-11
4.99934907655e-10	-2.33380571812e-11
6.24918634569e-10	-3.49773768976e-11
7.49902361483e-10	-1.37033450993e-11
8.74886088397e-10	-5.45237908642e-11
9.99869815311e-10	1.56370149468e-10
1.12485354222e-09	3.26029871503e-11
1.24983726914e-09	-1.97780129947e-11
1.37482099605e-09	1.30712812102e-10
1.49980472297e-09	-2.56159333328e-10
1.62478844988e-09	-1.23480370026e-10
1.74977217679e-09	-2.2629669319e-10
1.87475590371e-09	4.12521969709e-12
1.99973963062e-09	-7.77046014339e-11
2.12472335754e-09	-6.37757728572e-11
2.24970708445e-09	9.50474907113e-11
2.37469081136e-09	1.60154035866e-10
2.49967453828e-09	3.14778203503e-10
2.62465826519e-09	3.91363580432e-10
2.7496419921e-09	1.79066213246e-10
2.87462571902e-09	-1.8665439333e-10
2.99960944593e-09	-6.47623246697e-10
3.12459317285e-09	-9.77771197341e-10
3.24957689976e-09	-1.17870821437e-09
3.37456062667e-09	-7.73915626029e-10
3.49954435359e-09	-8.53113708149e-11
3.6245280805e-09	1.18379975267e-09
3.74951180741e-09	2.1216010615e-09
3.87449553433e-09	2.54801019173e-09
3.99947926124e-09	2.14603629312e-09
4.12446298816e-09	7.07060548999e-10
4.24944671507e-09	-1.41685560506e-09
4.37443044198e-09	-3.44377981687e-09
4.4994141689e-09	-4.6477590665e-09
4.62439789581e-09	-4.33274582878e-09
4.74938162273e-09	-2.2958315804e-09
4.87436534964e-09	9.98873442293e-10
4.99934907655e-09	4.10166989262e-09
5.12433280347e-09	6.52035481163e-09
5.24931653038e-09	6.69781108353e-09
5.37430025729e-09	4.37280534005e-09
5.49928398421e-09	7.0127961771e-10
5.62426771112e-09	-3.91907484243e-09
5.74925143804e-09	-6.79805955972e-09
5.87423516495e-09	-7.88260012818e-09
5.99921889186e-09	-6.0324525375e-09
6.12420261878e-09	-2.31707752985e-09
6.24918634569e-09	1.94409285892e-09
6.37417007261e-09	5.39066036254e-09
6.49915379952e-09	7.1454218098e-09
6.62413752643e-09	6.05542205268e-09
6.74912125335e-09	3.03765990139e-09
6.87410498026e-09	1.79255606886e-10
6.99908870717e-09	-3.35439642729e-09
7.12407243409e-09	-5.0621157266e-09
7.249056161e-09	-4.26498580897e-09
7.37403988792e-09	-2.73170175369e-09
7.49902361483e-09	-4.9226384774e-10
7.62400734174e-09	1.35671318624e-09
7.74899106866e-09	2.64758637236e-09
7.87397479557e-09	2.4826345979e-09
7.99895852248e-09	1.71154163064e-09
8.1239422494e-09	8.19097081828e-10
8.24892597631e-09	-2.8426078158e-10
8.37390970323e-09	-1.00112564072e-09
8.49889343014e-09	-1.16765730418e-09
8.62387715705e-09	-9.22094595124e-10
8.74886088397e-09	-4.19188170286e-10
8.87384461088e-09	1.08871228005e-10
8.9988283378e-09	2.26222499067e-10
9.12381206471e-09	5.2963652214e-10
9.24879579162e-09	3.5934074466e-10
9.37377951854e-09	3.55605364599e-10
9.49876324545e-09	-4.068180905e-12
9.62374697236e-09	-1.36404916876e-10
9.74873069928e-09	-2.09366560547e-11
9.87371442619e-09	2.6151871467e-11
9.99869815311e-09	-1.9094769689e-10
1.012368188e-08	-1.1953433382e-10
1.02486656069e-08	2.13586383822e-11
1.03736493338e-08	5.90781987133e-11
