% time-domain voltage integration by openEMS v0.37.0-rc1-8-g27dcde1 @Sun Sep 20 16:00:55 2026
% start-coordinates: (0.0224545,0,0) m -> [46,14,11]
% stop-coordinates: (0.0224545,0,-0.0002) m -> [46,14,7]
% t/s	voltage
0	0
1.24983726914e-10	4.58768110306e-11
2.49967453828e-10	-2.21682922019e-10
3.74951180741e-10	-5.35404595658e-10
4.99934907655e-10	-1.20983089866e-10
6.24918634569e-10	1.97418702913e-10
7.49902361483e-10	3.48877704504e-10
8.74886088397e-10	2.62995444866e-10
9.99869815311e-10	2.01274111961e-10
1.12485354222e-09	-2.70734185071e-10
1.24983726914e-09	1.8437028293e-10
1.37482099605e-09	-1.11922028936e-10
1.49980472297e-09	3.09655662223e-10
1.62478844988e-09	-1.39830938495e-10
1.74977217679e-09	6.9683098701e-11
1.87475590371e-09	-1.13628580503e-10
1.99973963062e-09	-6.16619680663e-11
2.12472335754e-09	2.51938860399e-11
2.24970708445e-09	9.27526788014e-11
2.37469081136e-09	2.46557795014e-10
2.49967453828e-09	3.72054664854e-10
2.62465826519e-09	3.90730954536e-10
2.7496419921e-09	2.96560775936e-10
2.87462571902e-09	1.21397515304e-10
2.99960944593e-09	-7.17270284833e-10
3.12459317285e-09	-1.21393387009e-09
3.24957689976e-09	-1.29815769245e-09
3.37456062667e-09	-8.80138087411e-10
3.49954435359e-09	1.34948489883e-10
3.6245280805e-09	1.12554573994e-09
3.74951180741e-09	2.47903714223e-09
3.87449553433e-09	2.93975943588e-09
3.99947926124e-09	2.24423585271e-09
4.12446298816e-09	6.5225325141e-10
4.24944671507e-09	-1.55257387502e-09
4.37443044198e-09	-4.04430089418e-09
4.4994141689e-09	-5.07763953106e-09
4.62439789581e-09	-4.83626982906e-09
4.74938162273e-09	-2.38962100108e-09
4.87436534964e-09	1.21077262105e-09
4.99934907655e-09	4.68903949002e-09
5.12433280347e-09	7.52008333382e-09
5.24931653038e-09	7.35184257916e-09
5.37430025729e-09	4.71234928856e-09
5.49928398421e-09	1.03340651314e-09
5.62426771112e-09	-4.17096124306e-09
5.74925143804e-09	-7.68262298223e-09
5.87423516495e-09	-9.13533737545e-09
5.99921889186e-09	-6.66421873241e-09
6.12420261878e-09	-2.02063576982e-09
6.24918634569e-09	2.68035049711e-09
6.37417007261e-09	6.80171252654e-09
6.49915379952e-09	7.29310922765e-09
6.62413752643e-09	5.78871250934e-09
6.74912125335e-09	2.79026507455e-09
6.87410498026e-09	-1.01994770962e-09
6.99908870717e-09	-4.25143709126e-09
7.12407243409e-09	-4.80415296433e-09
7.249056161e-09	-5.19826282019e-09
7.37403988792e-09	-2.54597543048e-09
7.49902361483e-09	-1.53680530107e-10
7.62400734174e-09	1.29874416777e-09
7.74899106866e-09	2.85527895771e-09
7.87397479557e-09	2.29802349372e-09
7.99895852248e-09	1.95202201625e-09
8.1239422494e-09	8.49033232608e-10
8.24892597631e-09	-4.24949174807e-10
8.37390970323e-09	-9.97996289775e-10
8.49889343014e-09	-5.86186096191e-10
8.62387715705e-09	-1.10240612472e-09
8.74886088397e-09	-1.53510149037e-10
8.87384461088e-09	1.94571546375e-11
8.9988283378e-09	8.07256664292e-10
9.12381206471e-09	4.04985062846e-10
9.24879579162e-09	4.16948225945e-10
9.37377951854e-09	1.81107466697e-10
9.49876324545e-09	-3.07679728917e-10
9.62374697236e-09	-3.40777151289e-10
9.74873069928e-09	-4.53612772344e-10
9.87371442619e-09	-1.3432917452e-10
9.99869815311e-09	-2.32920585597e-10
1.012368188e-08	-5.13696377102e-12
1.02486656069e-08	-2.92282240077e-11
1.03736493338e-08	3.59096152119e-10
