% time-domain voltage integration by openEMS v0.37.0-rc1-8-g27dcde1 @Sun Sep 20 16:00:55 2026
% start-coordinates: (0.00181818,0,0) m -> [12,14,11]
% stop-coordinates: (0.00181818,0,-0.0002) m -> [12,14,7]
% t/s	voltage
0	0
1.24983726914e-10	2.4626736761e-10
2.49967453828e-10	-6.12213155171e-10
3.74951180741e-10	-2.87159201973e-09
4.99934907655e-10	-3.83136911086e-09
6.24918634569e-10	-2.79813444637e-09
7.49902361483e-10	-1.37901034342e-10
8.74886088397e-10	5.4456803511e-09
9.99869815311e-10	1.20723513408e-08
1.12485354222e-09	1.56438448862e-08
1.24983726914e-09	1.63017546129e-08
1.37482099605e-09	2.21354634622e-09
1.49980472297e-09	-1.91675586514e-08
1.62478844988e-09	-5.03989747713e-08
1.74977217679e-09	-7.53587379165e-08
1.87475590371e-09	-7.68161250164e-08
1.99973963062e-09	-3.84601648307e-08
2.12472335754e-09	4.57411841737e-08
2.24970708445e-09	1.6232299771e-07
2.37469081136e-09	2.64836550912e-07
2.49967453828e-09	2.97111618863e-07
2.62465826519e-09	1.99725675998e-07
2.7496419921e-09	-4.57310420643e-08
2.87462571902e-09	-3.93323738024e-07
2.99960944593e-09	-7.24800003127e-07
3.12459317285e-09	-8.76494183899e-07
3.24957689976e-09	-6.98363081142e-07
3.37456062667e-09	-1.38686282014e-07
3.49954435359e-09	6.95675211659e-07
3.6245280805e-09	1.53205823494e-06
3.74951180741e-09	2.00275678708e-06
3.87449553433e-09	1.78856600996e-06
3.99947926124e-09	7.7621758976e-07
4.12446298816e-09	-8.17702854761e-07
4.24944671507e-09	-2.48390483648e-06
4.37443044198e-09	-3.55183556167e-06
4.4994141689e-09	-3.46273276364e-06
4.62439789581e-09	-2.03147197908e-06
4.74938162273e-09	4.02447788872e-07
4.87436534964e-09	3.04109346416e-06
4.99934907655e-09	4.88954901812e-06
5.12433280347e-09	5.15143540269e-06
5.24931653038e-09	3.5817562889e-06
5.37430025729e-09	6.2227623232e-07
5.49928398421e-09	-2.70889285048e-06
5.62426771112e-09	-5.20194134879e-06
5.74925143804e-09	-5.9324505628e-06
5.87423516495e-09	-4.62418722691e-06
5.99921889186e-09	-1.7571420301e-06
6.12420261878e-09	1.59846405268e-06
6.24918634569e-09	4.24944710176e-06
6.37417007261e-09	5.30324621195e-06
6.49915379952e-09	4.51333585261e-06
6.62413752643e-09	2.31923388583e-06
6.74912125335e-09	-3.85465455111e-07
6.87410498026e-09	-2.61735942786e-06
6.99908870717e-09	-3.67401008816e-06
7.12407243409e-09	-3.38527547683e-06
7.249056161e-09	-2.0555936544e-06
7.37403988792e-09	-3.20202872217e-07
7.49902361483e-09	1.17092480423e-06
7.62400734174e-09	1.97090480469e-06
7.74899106866e-09	1.96536842623e-06
7.87397479557e-09	1.3396007148e-06
7.99895852248e-09	4.52708221133e-07
8.1239422494e-09	-3.46443144394e-07
8.24892597631e-09	-8.05688316063e-07
8.37390970323e-09	-8.83110772065e-07
8.49889343014e-09	-6.60738109559e-07
8.62387715705e-09	-2.99831235395e-07
8.74886088397e-09	3.92991790221e-08
8.87384461088e-09	2.4913503438e-07
8.9988283378e-09	3.07813259326e-07
9.12381206471e-09	2.49499208849e-07
9.24879579162e-09	1.31591072261e-07
9.37377951854e-09	2.02801744287e-08
9.49876324545e-09	-5.75278580328e-08
9.62374697236e-09	-8.59628759287e-08
9.74873069928e-09	-7.47321724504e-08
9.87371442619e-09	-4.31398774481e-08
9.99869815311e-09	-1.61581157343e-08
1.012368188e-08	4.36570329887e-09
1.02486656069e-08	2.0434873349e-08
1.03736493338e-08	1.42023699468e-08
