% time-domain current integration by openEMS v0.37.0-rc1-8-g27dcde1 @Sun Sep 20 16:00:55 2026
% start-coordinates: (0.00145455,-0.00049,-5e-05) m -> [11,11,10]
% stop-coordinates: (0.00145455,0.00019,0) m -> [11,16,11]
% t/s	current
1.28584081187e-14	0
1.24996585322e-10	-3.17743422719e-12
2.49980312236e-10	-4.11475280931e-12
3.7496403915e-10	-1.27657884263e-11
4.99947766063e-10	8.49381871261e-13
6.24931492977e-10	-2.52302735995e-12
7.49915219891e-10	-5.31600111153e-12
8.74898946805e-10	-4.63494520542e-12
9.99882673719e-10	-4.35005850785e-12
1.12486640063e-09	-4.18286065507e-12
1.24985012755e-09	2.53737216785e-13
1.37483385446e-09	-8.76657513943e-12
1.49981758137e-09	-4.33509998732e-12
1.62480130829e-09	-4.41329134696e-12
1.7497850352e-09	-5.24583111325e-12
1.87476876212e-09	-1.60807998861e-12
1.99975248903e-09	-4.88369414353e-12
2.12473621594e-09	-4.05510640258e-13
2.24971994286e-09	-9.51109200079e-13
2.37470366977e-09	2.31928582242e-12
2.49968739668e-09	-1.5562997939e-12
2.6246711236e-09	-2.64043084272e-12
2.74965485051e-09	-2.59939248945e-12
2.87463857743e-09	2.03237817201e-12
2.99962230434e-09	-3.00862416577e-12
3.12460603125e-09	4.24399881557e-12
3.24958975817e-09	1.13380034528e-11
3.37457348508e-09	1.14917285757e-11
3.499557212e-09	8.09155346893e-12
3.62454093891e-09	9.70641449161e-12
3.74952466582e-09	4.82068811952e-12
3.87450839274e-09	-2.92952272683e-12
3.99949211965e-09	-2.42053859595e-11
4.12447584656e-09	-2.74096769587e-11
4.24945957348e-09	-8.99305022811e-12
4.37444330039e-09	-1.67105062426e-11
4.49942702731e-09	-1.33476216191e-11
4.62441075422e-09	4.02030457536e-11
4.74939448113e-09	4.49534749702e-11
4.87437820805e-09	3.03279311387e-11
4.99936193496e-09	3.72040332569e-12
5.12434566188e-09	7.77220562215e-12
5.24932938879e-09	-4.52725912314e-11
5.3743131157e-09	-1.17795582316e-11
5.49929684262e-09	3.08851486053e-11
5.62428056953e-09	-2.9169836685e-11
5.74926429644e-09	1.84090138966e-11
5.87424802336e-09	4.07192612961e-11
5.99923175027e-09	-2.02934457433e-11
6.12421547719e-09	4.6475000931e-11
6.2491992041e-09	5.99264249335e-11
6.37418293101e-09	2.768854937e-11
6.49916665793e-09	1.39763279075e-11
6.62415038484e-09	-1.58267652456e-11
6.74913411175e-09	-1.05072846257e-10
6.87411783867e-09	1.27789159463e-11
6.99910156558e-09	-2.08662601087e-11
7.1240852925e-09	2.72733016726e-11
7.24906901941e-09	7.74902191025e-12
7.37405274632e-09	1.27732088795e-10
7.49903647324e-09	-4.83749429403e-11
7.62402020015e-09	2.03511599933e-11
7.74900392707e-09	5.60727072413e-12
7.87398765398e-09	-9.00562610595e-12
7.99897138089e-09	3.01770483602e-11
8.12395510781e-09	-1.46027651776e-11
8.24893883472e-09	4.22558932289e-11
8.37392256163e-09	2.06569028376e-12
8.49890628855e-09	2.66610917371e-11
8.62389001546e-09	5.18076831435e-11
8.74887374238e-09	-4.13027251289e-11
8.87385746929e-09	2.44294150881e-11
8.9988411962e-09	2.83925331163e-11
9.12382492312e-09	5.12172596001e-11
9.24880865003e-09	1.56119648459e-12
9.37379237695e-09	6.42331066808e-12
9.49877610386e-09	-3.15465605027e-11
9.62375983077e-09	-4.01230576541e-11
9.74874355769e-09	2.87039628177e-11
9.8737272846e-09	-6.34912651967e-12
9.99871101151e-09	-1.22192826604e-12
1.01236947384e-08	4.57824056443e-11
1.02486784653e-08	-3.81805698169e-12
1.03736621923e-08	-7.01596905572e-11
