% time-domain current integration by openEMS v0.37.0-rc1-8-g27dcde1 @Sun Sep 20 16:00:55 2026
% start-coordinates: (0.0224545,0.00139,-5e-05) m -> [46,20,10]
% stop-coordinates: (0.0224545,0.00194,0) m -> [46,25,11]
% t/s	current
1.28584081187e-14	0
1.24996585322e-10	1.003628841e-14
2.49980312236e-10	-3.69284613197e-14
3.7496403915e-10	-5.25559847378e-13
4.99947766063e-10	-6.9290563955e-13
6.24931492977e-10	-2.98772291629e-13
7.49915219891e-10	1.74021723681e-12
8.74898946805e-10	4.28894441663e-13
9.99882673719e-10	8.25628356915e-13
1.12486640063e-09	-4.52243629915e-14
1.24985012755e-09	9.61962063825e-13
1.37483385446e-09	3.79477428213e-13
1.49981758137e-09	6.05753186327e-13
1.62480130829e-09	9.66326289278e-14
1.7497850352e-09	-3.67340489624e-13
1.87476876212e-09	1.09330741075e-12
1.99975248903e-09	8.47168851997e-13
2.12473621594e-09	-6.20608653443e-13
2.24971994286e-09	-4.6619273112e-13
2.37470366977e-09	7.18336414657e-13
2.49968739668e-09	1.4558242578e-13
2.6246711236e-09	1.13719049368e-12
2.74965485051e-09	8.33104906676e-13
2.87463857743e-09	-3.14275244283e-13
2.99962230434e-09	-8.56327649849e-13
3.12460603125e-09	9.89752767591e-13
3.24958975817e-09	2.12777373303e-13
3.37457348508e-09	6.44372901391e-13
3.499557212e-09	2.97438343486e-13
3.62454093891e-09	4.52856773348e-13
3.74952466582e-09	-6.75692073365e-15
3.87450839274e-09	-1.78812978422e-13
3.99949211965e-09	-1.6541996451e-13
4.12447584656e-09	-1.39351556553e-13
4.24945957348e-09	-1.97582578011e-13
4.37444330039e-09	-1.01114830484e-12
4.49942702731e-09	1.2774481993e-12
4.62441075422e-09	-2.70757266434e-13
4.74939448113e-09	-5.74461431115e-13
4.87437820805e-09	1.34008104093e-12
4.99936193496e-09	2.81667159215e-12
5.12434566188e-09	1.36160657402e-12
5.24932938879e-09	-1.93071730478e-12
5.3743131157e-09	-1.26520145814e-13
5.49929684262e-09	-2.93182275332e-12
5.62428056953e-09	2.89585217784e-12
5.74926429644e-09	2.09180611201e-12
5.87424802336e-09	-2.57913699078e-13
5.99923175027e-09	2.7910985155e-12
6.12421547719e-09	1.43161578512e-13
6.2491992041e-09	7.84169983722e-13
6.37418293101e-09	1.68746494642e-12
6.49916665793e-09	1.88292263725e-12
6.62415038484e-09	2.86734416592e-12
6.74913411175e-09	-6.29398551506e-13
6.87411783867e-09	-6.66548803999e-12
6.99910156558e-09	-1.40929520658e-12
7.1240852925e-09	7.14478172806e-12
7.24906901941e-09	-1.43876230374e-12
7.37405274632e-09	-2.27260593157e-12
7.49903647324e-09	-2.03730261827e-12
7.62402020015e-09	-2.03184886451e-12
7.74900392707e-09	9.09860121273e-12
7.87398765398e-09	-9.61389041293e-12
7.99897138089e-09	2.6131696633e-12
8.12395510781e-09	-2.84667883883e-12
8.24893883472e-09	9.19157805424e-12
8.37392256163e-09	-2.29729050453e-13
8.49890628855e-09	1.17526127719e-11
8.62389001546e-09	1.8159232798e-11
8.74887374238e-09	-5.54909070083e-12
8.87385746929e-09	-6.28338396938e-12
8.9988411962e-09	-4.0050328505e-12
9.12382492312e-09	-8.66783901599e-12
9.24880865003e-09	1.474316654e-12
9.37379237695e-09	2.1803875979e-12
9.49877610386e-09	-9.25522332385e-12
9.62375983077e-09	2.09641332072e-11
9.74874355769e-09	-8.8088694325e-12
9.8737272846e-09	3.57835939699e-12
9.99871101151e-09	-4.74084270105e-12
1.01236947384e-08	1.46919750671e-11
1.02486784653e-08	8.22119022165e-12
1.03736621923e-08	-8.10945321311e-12
