% time-domain voltage integration by openEMS v0.37.0-rc1-8-g27dcde1 @Sun Sep 20 15:52:37 2026
% start-coordinates: (0.023,0,-0.0002) m -> [10,3,1]
% stop-coordinates: (0.023,0,0) m -> [10,3,2]
% t/s	voltage
0	-0
1.24899054214e-10	-5.32674460096e-10
2.49798108429e-10	2.70202166197e-10
3.74697162643e-10	6.0291986681e-11
4.99596216857e-10	1.15006471013e-09
6.24495271072e-10	1.17894582985e-10
7.49394325286e-10	-1.27791410787e-09
8.74293379501e-10	1.04541453272e-09
9.99192433715e-10	4.5165596263e-10
1.12409148793e-09	5.18145859552e-10
1.24899054214e-09	-8.4637452602e-10
1.37388959636e-09	8.33129953914e-11
1.49878865057e-09	1.09461673059e-09
1.62368770479e-09	-9.41228206486e-10
1.748586759e-09	3.89597382133e-10
1.87348581322e-09	-2.76117767539e-10
1.99838486743e-09	-2.40735192197e-11
2.12328392164e-09	-6.8054090141e-10
2.24818297586e-09	-2.51258458484e-10
2.37308203007e-09	5.67567826071e-10
2.49798108429e-09	-6.14809370081e-10
2.6228801385e-09	-2.33947416994e-10
2.74777919272e-09	7.49016682011e-11
2.87267824693e-09	-8.72944633246e-11
2.99757730114e-09	-9.37340316476e-10
3.12247635536e-09	-1.48175055559e-10
3.24737540957e-09	-5.7824765809e-11
3.37227446379e-09	4.29897589749e-10
3.497173518e-09	-1.55686505354e-11
3.62207257222e-09	7.23054449647e-10
3.74697162643e-09	9.58522705652e-10
3.87187068065e-09	-3.93521631947e-10
3.99676973486e-09	5.81290959811e-10
4.12166878907e-09	-5.50654910558e-10
4.24656784329e-09	-4.53928061805e-10
4.3714668975e-09	-1.50729329018e-09
4.49636595172e-09	-8.07620192944e-10
4.62126500593e-09	1.37799216482e-09
4.74616406015e-09	6.82818357411e-10
4.87106311436e-09	1.99667971046e-09
4.99596216857e-09	6.04504557522e-10
5.12086122279e-09	7.95883983717e-11
5.245760277e-09	-1.21472598646e-09
5.37065933122e-09	-1.48414258661e-09
5.49555838543e-09	-1.47761813896e-09
5.62045743965e-09	-1.51759571576e-09
5.74535649386e-09	3.84168308276e-10
5.87025554808e-09	7.75310982082e-10
5.99515460229e-09	1.08014197586e-09
6.1200536565e-09	1.34048327993e-10
6.24495271072e-09	2.03171568458e-09
6.36985176493e-09	1.76080627856e-09
6.49475081915e-09	-3.54138940395e-10
6.61964987336e-09	-1.71513825364e-09
6.74454892758e-09	-1.71229619372e-09
6.86944798179e-09	-9.01152374944e-10
6.994347036e-09	-1.83472237403e-09
7.11924609022e-09	3.45245804168e-10
7.24414514443e-09	1.1807740341e-09
7.36904419865e-09	1.04133235368e-09
7.49394325286e-09	-1.46954240443e-10
7.61884230708e-09	-1.13463871632e-09
7.74374136129e-09	-5.49903955704e-10
7.8686404155e-09	-2.34871722071e-09
7.99353946972e-09	-1.5737918746e-09
8.11843852393e-09	-1.07480568889e-09
8.24333757815e-09	-2.63566640735e-10
8.36823663236e-09	4.43105621639e-11
8.49313568658e-09	-3.36979416593e-10
8.61803474079e-09	-1.44992823303e-10
8.74293379501e-09	-1.13708509275e-09
8.86783284922e-09	-1.35612543417e-09
8.99273190343e-09	-9.02738439557e-10
9.11763095765e-09	-2.9977739735e-10
9.24253001186e-09	-1.90041649084e-10
9.36742906608e-09	2.03409955546e-09
9.49232812029e-09	2.55548093797e-09
9.61722717451e-09	1.86693638327e-09
9.74212622872e-09	7.49321771298e-10
9.86702528293e-09	6.06973221684e-11
9.99192433715e-09	5.05784525373e-10
1.01168233914e-08	-2.81807743807e-10
1.02417224456e-08	2.52029774828e-09
1.03666214998e-08	3.43499539923e-09
1.0491520554e-08	2.34270380872e-09
1.06164196082e-08	1.59618640527e-09
1.07413186624e-08	1.32409028186e-09
1.08662177166e-08	1.23701060506e-09
1.09911167709e-08	-1.9235462112e-09
1.11160158251e-08	-5.98767591065e-10
1.12409148793e-08	9.10214237315e-10
1.13658139335e-08	4.1407990925e-10
1.14907129877e-08	1.23166546406e-10
1.16156120419e-08	1.68102665121e-09
1.17405110962e-08	2.53382048676e-09
1.18654101504e-08	-1.31696875627e-09
1.19903092046e-08	-2.9113180755e-09
1.21152082588e-08	-7.3320610694e-10
1.2240107313e-08	-1.45040035537e-09
1.23650063672e-08	-8.41365810356e-10
1.24899054214e-08	1.07428299589e-09
1.26148044757e-08	1.16755627388e-09
1.27397035299e-08	-1.7486018189e-10
1.28646025841e-08	-2.11888595558e-09
1.29895016383e-08	-6.95788149319e-11
1.31144006925e-08	-6.13140427319e-10
1.32392997467e-08	-1.37973510395e-09
1.33641988009e-08	1.98589006351e-10
1.34890978552e-08	-7.65200014463e-10
1.36139969094e-08	-8.63884963564e-10
1.37388959636e-08	-6.78544831434e-10
